  0.0000
  0.9160
  1.3890
  1.2401
  0.6590
  0.0847
 -0.0641
  0.3542
  1.1161
  1.7675
  1.8987
  1.3934
  0.5011
 -0.3123
 -0.6442
 -0.3955
  0.1731
  0.6036
  0.5231
 -0.1255
 -1.0447
 -1.7591
 -1.9004
 -1.4283
 -0.6528
 -0.0460
  0.0453
 -0.3915
 -1.0288
 -1.3998
 -1.1850
 -0.4097
  0.5670
  1.2658
  1.3734
  0.9279
  0.2919
 -0.0714
  0.1180
  0.7843
  1.5408
  1.9233
  1.6724
  0.8913
 -0.0143
 -0.5797
 -0.5599
 -0.0742
  0.4706
  0.6311
  0.2011
 -0.6592
 -1.5162
 -1.9227
 -1.6858
 -0.9823
 -0.2496
  0.0796
 -0.1605
 -0.7696
 -1.3048
 -1.3527
 -0.7830
  0.1677
  1.0358
  1.4068
  1.1625
  0.5486
  0.0215
 -0.0317
  0.4691
  1.2467
  1.8337
  1.8557
  1.2591
  0.3455
 -0.4092
 -0.6400
 -0.3108
  0.2680
  0.6321
  0.4497
 -0.2733
 -1.1921
 -1.8289
 -1.8593
 -1.3068
 -0.5265
  0.0106
  0.0035
 -0.4972
 -1.1219
 -1.4088
 -1.0875
 -0.2465
  0.7160
  1.3291
  1.3305
  0.8213
  0.2004
 -0.0809
  0.2042
  0.9185
  1.6422
  1.9274
  1.5698
  0.7342
 -0.1438
 -0.6187
 -0.5023
  0.0265
  0.5342
  0.6004
  0.0770
 -0.8172
 -1.6257
 -1.9277
 -1.5903
 -0.8476
 -0.1571
  0.0780
 -0.2474
 -0.8780
 -1.3551
 -1.2980
 -0.6387
  0.3330
  1.1408
  1.4063
  1.0740
  0.4409
 -0.0274
  0.0172
  0.5922
  1.3717
  1.8832
  1.7944
  1.1154
  0.1946
 -0.4904
 -0.6191
 -0.2187
  0.3564
  0.6443
  0.3601
 -0.4270
 -1.3311
 -1.8806
 -1.8009
 -1.1785
 -0.4074
  0.0509
 -0.0531
 -0.6066
 -1.2049
 -1.3997
 -0.9745
 -0.0796
  0.8546
  1.3741
  1.2725
  0.7115
  0.1191
 -0.0736
  0.3033
  1.0530
  1.7307
  1.9124
  1.4531
  0.5758
 -0.2614
 -0.6402
 -0.4323
  0.1266
  0.5847
  0.5521
 -0.0581
 -0.9726
 -1.7201
 -1.9136
 -1.4828
 -0.7146
 -0.0782
  0.0597
 -0.3434
 -0.9819
 -1.3894
 -1.2254
 -0.4851
  0.4934
  1.2297
  1.3880
  0.9765
  0.3382
 -0.0611
  0.0820
  0.7216
  1.4887
  1.9148
  1.7155
  0.9645
  0.0508
 -0.5550
 -0.5824
 -0.1214
  0.4363
  0.6395
  0.2555
 -0.5842
 -1.4596
 -1.9137
 -1.7264
 -1.0459
 -0.2977
  0.0744
 -0.1231
 -0.7173
 -1.2759
 -1.3722
 -0.8476
  0.0885
  0.9808
  1.4007
  1.2008
  0.6007
  0.0498
 -0.0492
  0.4135
  1.1854
  1.8044
  1.8784
  1.3240
  0.4187
 -0.3652
 -0.6441
 -0.3520
  0.2237
  0.6206
  0.4865
 -0.2024
 -1.1232
 -1.7981
 -1.8810
 -1.3653
 -0.5856
 -0.0142
  0.0252
 -0.4465
 -1.0789
 -1.4068
 -1.1357
 -0.3244
  0.6466
  1.3014
  1.3528
  0.8723
  0.2426
 -0.0785
  0.1617
  0.8547
  1.5957
  1.9279
  1.6203
  0.8089
 -0.0839
 -0.6024
 -0.5312
 -0.0212
  0.5056
  0.6171
  0.1373
 -0.7425
 -1.5756
 -1.9277
 -1.6372
 -0.9114
 -0.1993
  0.0809
 -0.2050
 -0.8271
 -1.3332
 -1.3262
 -0.7084
  0.2552
  1.0930
  1.4088
  1.1172
  0.4915
 -0.0061
 -0.0080
  0.5330
  1.3134
  1.8619
  1.8257
  1.1845
  0.2653
 -0.4540
 -0.6310
 -0.2631
  0.3155
  0.6406
  0.4044
 -0.3536
 -1.2665
 -1.8584
 -1.8307
 -1.2399
 -0.4628
  0.0339
 -0.0245
 -0.5544
 -1.1669
 -1.4063
 -1.0299
 -0.1589
  0.7904
  1.3551
  1.3018
  0.7638
  0.1562
 -0.0792
  0.2548
  0.9894
  1.6905
  1.9219
  1.5101
  0.6508
 -0.2073
 -0.6322
 -0.4669
  0.0795
  0.5626
  0.5771
  0.0071
 -0.8995
 -1.6774
 -1.9226
 -1.5351
 -0.7773
 -0.1138
  0.0704
 -0.2970
 -0.9334
 -1.3752
 -1.2620
 -0.5589
  0.4182
  1.1897
  1.3988
  1.0237
  0.3861
 -0.0471
  0.0494
  0.6597
  1.4344
  1.9021
  1.7550
  1.0367
  0.1179
 -0.5266
 -0.6017
 -0.1680
  0.3997
  0.6439
  0.3068
 -0.5094
 -1.4002
 -1.9004
 -1.7636
 -1.1091
 -0.3484
  0.0654
 -0.0884
 -0.6648
 -1.2439
 -1.3875
 -0.9093
  0.0089
  0.9227
  1.3904
  1.2363
  0.6531
  0.0810
 -0.0628
  0.3600
  1.1231
  1.7714
  1.8969
  1.3866
  0.4928
 -0.3178
 -0.6444
 -0.3912
  0.1783
  0.6055
  0.5197
 -0.1331
 -1.0527
 -1.7633
 -1.8987
