 -0.4663
 -0.9228
  0.1327
  0.3738
 -0.1832
  1.1455
  1.3046
  0.8512
  1.1936
  1.2773
  1.2566
  1.8729
  1.3758
  2.9216
  1.9218
  2.2070
  2.8434
  2.4996
  2.5822
  2.3738
  3.0972
  2.4419
  3.6272
  4.2418
  3.2441
  4.1790
  4.5370
  3.2731
  3.5095
  4.6756
  4.3501
  5.0550
  5.2778
  5.3860
  5.8351
  5.6843
  6.1054
  5.0688
  5.8201
  5.9116
  5.3480
  6.4387
  5.9418
  7.3376
  6.3875
  7.2144
  7.2197
  6.8090
  6.3447
  7.5604
  6.9247
  7.5772
  7.3639
  7.7962
  7.0856
  6.3082
  6.6602
  5.8054
  6.1402
  5.9659
  5.8300
  5.5111
  6.0575
  4.4130
  5.4041
  5.4778
  5.2355
  4.9989
  4.5702
  4.7285
  4.5145
  3.9422
  3.7213
  3.6021
  2.8524
  3.3130
  3.3292
  3.2674
  3.6718
  2.6145
  2.9416
  2.8695
  2.7804
  1.6540
  2.0960
  1.9489
  1.1661
  1.1390
  1.8911
  1.1243
  1.2249
  0.9140
  0.3923
  0.2702
  0.6118
 -0.2450
  0.4606
  0.1945
 -0.6609
 -0.5428
